26,23 90,6
19,6 59,15
73,94 66,49
70,39 17,5
69,31 50,20
46,13 12,30
69,10 14,35
89,68 19,18
41,21 5,98
90,83 40,96
48,99 89,34
81,24 64,17
72,20 29,45
49,37 16,54
52,82 90,73
52,49 15,67
28,7 71,6
33,21 89,54
28,46 29,81
34,20 13,6
95,77 61,82
62,83 7,70
23,40 6,70
34,91 40,12
72,9 99,20
20,87 67,63
38,28 6,99
70,57 53,93
65,17 90,24
58,32 35,8
24,27 81,87
90,74 4,8
56,91 78,82
96,54 86,64
47,23 7,82
5,22 20,51
7,55 88,53
30,93 58,66
35,97 74,71
99,9 99,72
86,55 95,65
84,81 52,6
76,56 28,39
36,83 88,25
2,46 14,97
75,78 3,45
32,19 57,35
84,33 7,56
9,52 75,92
56,13 32,38
92,94 34,11
78,70 13,50
90,73 86,34
7,28 6,15
31,97 58,48
84,37 44,78
62,16 72,56
92,66 66,14
0,40 9,39
13,47 66,97
64,96 20,49
58,46 0,83
25,70 99,53
34,65 97,35
72,11 98,2
18,44 45,40
27,23 35,59
72,80 8,63
37,23 88,6
50,81 68,7
40,42 11,5
69,72 35,60
8,85 63,67
9,36 30,9
40,52 43,22
98,47 91,52
20,55 58,7
18,8 58,47
8,63 35,37
45,73 25,75
84,58 23,91
82,32 56,22
37,32 60,63
17,83 23,26
48,76 88,87
91,78 15,88
27,3 85,62
62,2 60,96
60,87 77,77
58,25 75,39
3,35 46,67
42,76 88,51
60,83 14,80
12,95 85,40
99,37 53,9
41,67 95,52
77,27 59,70
94,93 46,80
7,73 39,56
68,44 31,99
10,3 8,94
45,93 3,23
40,34 5,83
61,7 45,46
48,60 6,57
63,8 12,30
20,86 71,89
39,84 49,17
21,58 49,50
97,45 22,90
35,21 99,19
19,97 9,49
70,29 96,22
1,0 14,43
66,23 26,21
91,56 98,33
27,37 50,83
57,20 95,43
7,99 18,98
88,78 51,94
71,86 67,8
16,19 8,94
3,24 14,26
85,12 100,80
25,31 19,37
37,48 50,74
35,13 89,55
51,15 92,64
62,36 60,75
79,8 58,38
56,19 91,13
99,85 38,18
50,7 12,76
96,14 97,70
99,77 21,83
84,68 100,99
5,37 55,40
26,32 85,33
22,26 25,98
11,10 62,29
79,31 44,24
57,16 57,97
8,25 59,43
24,68 94,64
100,90 28,19
28,100 63,98
78,98 69,85
74,34 96,12
87,80 41,86
20,12 26,69
21,52 94,98
21,55 83,9
54,50 12,89
61,87 60,22
33,42 52,88
43,97 92,42
69,45 12,87
36,57 36,33
83,98 83,82
0,50 86,69
10,95 29,56
5,49 13,82
3,51 12,6
7,20 14,60
77,97 6,94
90,71 30,62
87,45 8,68
79,31 64,90
29,63 29,7
90,59 56,64
81,100 13,42
99,58 28,70
38,76 49,18
77,84 84,27
48,94 50,91
26,96 39,75
54,4 13,17
81,4 44,63
20,82 44,97
62,9 73,36
81,76 73,24
98,16 58,35
100,36 3,7
55,43 93,8
22,93 31,92
31,64 62,33
29,36 4,44
15,64 71,100
68,90 100,7
77,100 50,6
64,21 16,24
26,44 32,77
9,54 39,54
15,47 30,95
52,55 42,13
1,97 33,56
26,84 28,94
30,43 26,52
67,83 2,83
1,63 45,76
63,42 67,3
93,6 22,10
15,99 54,68
83,14 51,23
39,78 92,92
19,14 75,100
90,28 59,30
73,24 15,69
14,16 42,42
8,99 44,57
26,44 53,17
73,23 4,26
9,96 89,64
95,25 69,21
96,43 1,89
44,12 92,60
37,62 91,5
44,81 35,52
47,25 62,57
85,36 76,34
33,7 52,8
72,0 80,85
6,5 60,0
15,34 28,44
50,14 53,76
1,96 20,82
73,91 93,23
13,39 68,35
69,59 3,19
22,40 33,97
2,86 68,76
64,61 28,58
60,57 94,60
56,35 28,51
4,52 26,95
57,88 37,82
21,0 13,11
41,24 74,88
46,22 86,51
18,85 0,89
13,78 81,21
100,73 85,77
31,84 7,38
15,51 76,75
87,33 43,43
46,1 0,57
26,53 41,8
25,64 28,50
51,81 69,61
56,79 29,60
69,12 96,4
59,24 66,25
68,27 95,33
59,3 95,32
27,5 37,34
52,57 30,57
7,65 79,92
1,7 29,58
55,57 47,95
12,84 74,70
46,67 14,95
7,26 87,100
97,62 37,11
85,99 60,34
59,8 0,69
15,53 81,9
71,36 78,54
75,21 56,23
50,41 87,70
82,73 51,77
65,37 94,86
61,67 80,29
55,59 23,98
55,40 28,42
70,75 45,21
76,97 94,96
92,82 74,74
45,29 28,56
55,23 40,98
93,7 93,3
100,18 65,29
32,0 92,7
27,3 81,48
64,8 36,45
66,68 62,7
72,69 14,97
40,89 31,38
45,61 41,70
77,14 17,56
6,66 87,0
36,57 82,99
55,92 65,46
23,30 62,56
43,3 49,16
81,29 28,74
21,33 27,93
80,26 82,74
20,56 34,14
26,25 83,10
32,21 69,13
68,94 1,40
8,27 4,96
36,22 84,78
85,100 22,13
73,6 65,77
48,59 7,50
51,55 58,100
58,50 70,26
83,96 0,74
77,86 81,19
13,21 64,81
34,15 78,27
90,66 70,49
21,94 99,8
3,72 51,44
27,0 57,19
3,58 24,98
17,24 60,22
68,69 18,71
54,99 84,72
15,97 29,30
11,37 35,46
12,46 100,8
36,56 87,63
76,41 89,99
86,37 51,46
22,1 98,48
75,92 4,100
76,71 76,2
56,24 58,47
80,68 36,59
97,99 1,79
96,85 58,40
21,100 54,63
29,46 69,37
1,33 25,100
44,4 15,46
15,13 80,37
28,14 62,80
66,12 8,91
78,82 100,5
18,61 16,54
21,52 26,20
2,85 35,63
51,98 33,32
65,57 17,38
94,95 71,57
56,61 97,80
46,23 98,96
70,56 8,66
9,80 17,87
76,93 25,26
58,90 71,68
75,45 86,78
9,87 5,92
84,23 34,0
5,67 50,73
71,28 46,0
86,24 98,82
88,49 91,8
82,66 27,66
52,3 92,18
93,62 1,51
60,77 66,59
56,4 55,4
64,43 96,91
37,94 29,60
36,3 99,43
35,82 31,42
32,10 0,94
89,10 86,25
3,5 16,7
83,44 55,92
25,57 62,30
63,75 92,97
77,91 2,1
63,36 9,57
40,21 100,89
86,18 95,80
64,16 92,33
85,100 100,81
42,45 64,29
4,22 68,79
21,5 42,53
16,0 97,32
3,97 67,77
58,89 16,8
23,1 62,5
11,81 32,35
12,83 65,54
88,54 15,88
15,10 89,12
78,68 58,8
50,58 19,59
50,51 99,98
76,24 31,47
13,47 14,78
25,85 86,56
42,40 77,45
100,52 38,69
78,69 80,83
50,37 55,37
19,96 7,33
94,62 76,78
59,36 71,17
1,3 21,72
31,98 74,56
26,9 34,65
3,5 4,20
87,42 31,4
5,76 0,66
91,37 31,83
62,96 21,95
4,18 93,95
47,65 62,24
89,16 34,38
28,89 77,6
35,34 46,6
62,2 91,4
44,23 66,65
73,90 29,3
79,22 65,29
81,3 36,72
84,83 88,63
68,94 88,67
79,64 77,18
25,29 65,40
10,89 86,52
68,62 37,24
14,60 64,1
79,1 84,7
36,81 9,31
23,91 64,4
17,5 46,99
49,97 85,19
90,24 7,17
87,1 62,6
1,84 67,29
71,24 89,4
90,62 42,66
91,74 36,39
16,10 39,64
16,12 46,97
95,63 68,94
91,43 79,99
70,69 61,15
63,40 56,47
68,40 4,70
15,39 20,87
52,15 6,56
21,77 12,34
96,78 86,80
80,15 85,72
69,52 88,34
53,98 96,59
67,24 34,35
26,63 23,63
58,92 28,53
83,18 98,64
56,82 35,44
86,76 43,63
2,88 41,39
3,52 42,20
57,95 49,74
98,37 8,14
77,73 81,99
45,55 51,22
35,28 12,3
35,19 52,93
59,60 58,77
82,29 75,72
37,66 71,97
50,75 65,31
35,61 5,1
32,37 12,35
24,28 83,33
78,52 69,70
96,98 87,71
69,64 4,24
4,73 66,28
21,93 82,69
53,23 62,59
62,64 67,82
79,75 53,42
83,30 26,9
51,55 22,16
81,9 26,96
61,52 40,57
69,60 95,4
22,96 27,19
33,57 60,84
64,80 50,52
14,20 0,12
39,52 74,4
25,5 99,18
98,3 83,7
49,70 75,20
67,77 95,37
65,66 50,81
38,80 24,72
47,9 65,74
93,73 34,7
22,22 83,11
11,8 40,95
36,39 5,13
71,76 61,78
34,17 84,7
77,74 56,75
59,83 50,20
65,39 91,40
62,9 100,42
25,23 83,65
55,74 33,37
53,46 95,99
64,25 44,40
22,91 73,24
32,70 91,52
83,10 25,59
84,59 83,67
92,81 96,20
30,88 36,76
64,26 75,28
12,8 47,67
23,87 54,60
5,52 80,93
78,28 8,30
61,79 63,80
52,83 29,29
73,16 20,23
40,2 74,14
21,72 53,29
82,31 26,57
88,95 82,66
42,18 77,96
27,50 35,17
34,97 76,92
80,49 85,14
13,28 70,82
31,10 37,88
77,22 44,8
29,15 17,24
45,20 43,71
97,92 64,77
44,80 97,82
27,76 26,25
87,75 77,35
41,84 16,19
39,10 3,64
2,49 35,57
80,19 27,38
33,53 53,4
75,34 90,35
44,61 81,33
40,1 30,74
76,32 74,23
94,5 58,75
26,4 5,20
96,28 23,85
9,38 72,10
89,51 85,87
60,63 88,81
88,51 95,21
50,20 68,93
55,4 68,64
96,80 51,72
76,50 43,66
23,0 58,41
74,23 87,35
82,87 0,98
15,7 40,57
92,77 76,90
3,34 36,95
98,54 77,63
37,66 26,67
6,78 84,99
61,19 21,51
95,8 18,59
64,28 50,94
61,100 33,87
96,51 95,6
8,100 10,18
84,68 32,82
79,76 22,50
100,96 47,67
20,4 59,51
77,74 5,20
69,55 14,50
75,23 45,88
18,79 100,70
8,93 3,55
44,63 0,4
24,31 87,78
53,86 57,53
40,46 84,14
55,12 40,82
55,79 92,34
83,3 6,38
58,71 6,77
46,35 26,46
29,46 97,94
26,54 18,73
47,18 18,95
31,27 36,88
14,94 12,32
54,21 27,75
78,12 3,50
2,33 87,65
31,3 39,33
64,66 82,29
86,40 68,24
90,23 44,20
70,18 11,54
82,10 61,78
21,95 61,47
81,51 24,92
28,94 58,70
69,38 92,74
36,79 28,48
98,91 79,80
12,2 27,68
80,66 21,58
39,19 5,38
43,20 24,36
16,74 89,72
64,70 31,48
27,76 73,89
27,53 3,47
95,73 53,50
92,28 98,41
77,27 68,3
15,42 50,82
7,26 72,74
0,43 22,26
83,56 92,72
77,43 97,15
78,87 2,85
29,40 20,55
48,49 48,75
14,77 25,39
22,69 5,19
75,34 17,61
84,99 78,56
50,1 21,80
14,50 62,91
89,4 1,78
21,34 41,9
79,47 34,66
90,16 97,24
86,35 43,14
35,80 72,35
68,22 73,5
35,37 15,9
46,96 25,85
56,25 1,20
45,1 82,98
31,83 41,87
57,37 17,37
28,13 71,100
81,21 54,68
77,58 63,41
33,26 99,14
23,92 92,29
53,20 76,72
87,61 1,81
25,92 73,96
19,81 29,6
69,42 55,20
0,40 3,27
47,46 1,43
84,98 81,15
42,41 27,95
85,98 35,25
15,17 41,66
77,86 60,50
99,73 87,72
90,73 25,80
77,64 96,87
10,71 24,87
47,98 72,37
29,22 97,21
36,58 59,82
78,81 95,78
7,60 100,63
47,25 12,8
37,46 91,96
30,12 67,22
77,69 85,78
37,85 8,69
96,60 7,81
70,54 84,77
53,87 99,7
22,5 5,60
33,72 14,73
29,7 85,81
0,9 5,60
62,42 98,1
41,37 1,73
18,48 92,27
21,37 5,50
40,72 16,16
18,56 71,19
34,75 32,97
91,8 11,67
51,90 61,21
40,48 5,34
77,83 45,57
49,28 68,79
58,10 35,19
31,94 10,17
49,48 5,96
80,82 75,12
33,8 68,65
22,72 27,8
95,45 26,45
44,16 11,75
87,1 41,6
1,16 20,65
52,38 16,4
35,35 81,52
98,0 79,98
49,8 7,0
70,66 67,57
0,91 92,62
30,26 96,96
95,78 38,46
73,74 41,47
20,70 34,53
49,65 85,61
43,57 50,75
60,8 92,66
95,56 83,94
17,79 80,38
80,52 78,96
58,54 100,45
8,64 6,70
59,18 70,17
30,85 6,66
16,64 5,66
4,78 64,99
59,9 69,36
52,6 70,3
16,92 46,59
15,64 19,47
88,56 13,70
28,61 68,30
24,78 92,73
94,44 79,47
15,29 58,62
9,21 82,83
57,91 3,53
88,24 30,41
6,80 98,5
78,32 70,61
12,52 54,75
14,75 34,32
30,43 66,41
77,92 29,42
30,86 41,18
66,51 56,26
5,48 3,27
0,68 63,15
80,31 6,21
22,54 51,26
17,72 63,58
17,80 3,42
45,63 70,64
70,72 36,2
67,10 30,99
71,90 67,93
78,53 57,59
6,22 54,27
30,8 68,54
60,44 15,49
51,33 15,48
24,91 97,94
87,4 68,84
53,44 30,29
38,91 54,66
99,91 54,0
23,27 25,74
92,80 49,15
1,46 1,75
83,35 53,93
84,4 52,48
80,92 54,50
66,32 59,87
14,54 58,72
83,41 46,50
64,30 52,60
9,68 79,16
16,100 48,61
61,21 65,34
60,2 39,48
41,88 43,21
71,30 96,29
6,57 84,82
59,89 11,45
93,6 52,85
99,72 15,44
48,87 49,93
75,21 81,20
43,14 84,16
58,46 70,89
7,9 11,8
24,62 81,83
99,98 60,53
45,24 16,0
91,2 75,85
74,16 17,18
61,68 6,74
12,8 31,3
12,93 3,73
63,74 40,29
66,0 78,87
77,74 64,91
7,6 51,16
86,41 48,69
61,62 17,51
70,28 87,80
62,20 16,37
86,64 88,68
15,10 52,23
91,49 55,63
25,95 93,69
8,60 50,96
64,1 41,27
70,92 13,60
54,30 58,3
27,3 72,44
97,31 19,42
77,11 29,86
89,73 13,19
26,6 56,28
40,79 52,11
23,59 34,43
99,26 71,73
71,83 79,64
27,3 90,47
45,52 85,23
14,87 72,6
58,100 71,40
28,15 40,72
18,78 64,54
57,56 88,44
28,30 9,71
66,27 21,64
70,25 26,19
18,18 79,50
91,73 8,36
81,72 48,64
67,36 47,66
86,91 49,57
57,28 25,21
2,1 98,75
51,35 48,67
97,50 70,34
46,93 67,54
50,57 51,16
44,79 5,13
5,64 82,88
99,78 15,11
10,76 61,87
80,96 58,30
62,32 99,49
28,94 73,57
83,89 15,7
61,32 25,72
7,40 40,35
5,30 61,5
93,42 87,43
83,17 93,36
11,19 53,15
71,98 64,89
87,14 67,95
13,32 26,9
56,0 69,38
20,72 58,6
74,73 78,100
45,32 14,77
82,54 92,98
60,32 100,86
11,12 74,0
62,1 30,80
35,46 9,97
14,59 89,69
26,86 97,86
31,22 4,45
47,68 47,97
44,25 77,43
98,59 58,63
26,54 68,8
13,55 29,57
25,71 73,93
17,73 28,74
89,40 84,26
1,15 55,73
82,59 49,10
47,82 15,84
29,85 57,90
19,2 66,50
5,62 13,30
43,37 77,59
49,84 92,23
78,49 31,73
87,56 11,29
16,2 72,79
6,98 38,27
92,73 44,54
8,21 80,34
15,49 28,73
55,22 76,64
90,97 89,81
2,93 50,15
71,93 34,8
77,85 31,16
6,34 100,2
63,68 34,77
58,7 24,60
82,81 23,8
33,44 9,52
100,29 0,97
86,79 35,3
15,29 17,7
26,14 9,62
42,44 77,80
78,99 23,67
34,97 19,54
19,87 38,48
52,33 35,23
72,54 87,42
41,26 37,44
91,18 50,85
7,39 59,94
24,35 28,59
50,37 69,36
34,85 92,10
75,37 39,89
59,97 10,78
79,40 35,0
33,71 29,84
49,33 13,87
13,47 80,37
79,99 15,20
70,25 4,78
84,83 88,41
37,25 14,61
12,15 7,62
95,28 47,3
34,15 2,97
51,95 7,82
32,26 76,30
50,9 96,66
13,23 40,1
4,19 6,38
16,46 46,36
38,88 88,79
76,55 38,34
72,93 45,83
75,57 15,78
27,11 75,56
6,76 43,41
59,0 33,98
14,49 29,38
55,24 70,55
45,0 5,11
43,83 19,66
80,80 79,7
76,6 23,90
39,90 20,15
68,84 5,24
78,5 57,8
89,26 89,38
41,53 2,93
45,63 25,14
57,54 75,27
68,26 89,49
87,55 0,12
64,93 34,20
9,37 77,47
19,17 6,38
87,31 60,15
56,50 12,19
78,38 62,85
94,51 86,85
23,27 67,35
56,23 33,40
58,73 37,48
83,37 4,97
23,4 5,70
52,51 83,5
66,60 47,100
10,16 16,73
98,94 96,19
21,40 14,15
26,84 79,8
23,24 83,88
4,51 26,72
9,38 96,68
20,96 41,44
98,11 62,82